00000000000000000000000000000000000000000000000000000000000000000000000000000000
00000000000000000000000000000000000000000000000000000000000000000000000000000000
00000000000000000000000000000000000000000000000000000000000000000000000000000000
00000000000000000000000000000000000000000000000000000000000000000000000000000000
00000000000000000000000000000000000000000000000000000000000000000000000000000000
00000000000000000000000000000000000000000000000000000000000000000000000000000000
00000000000000000000000000000000000000000000000000000000000000000000000000000000
00000000000000000000000000000000000000000000000000000000000000000000000000000000
00000000000000000000000000000000000000000000000000000000000000000000000000000000
00000000000000000000000000000000000000000000000000000000000000000000000000000000
00000000000000000000000000000000000000000000000000000000000000000000000000000000
00000000000000000000000000000000000000000000000000000000000000000000000000000000
00000000000000000000000000000000000000000000000000000000000000000000000000000000
00000000000000000000000000000000000000000000000000000000000000000000000000000000
00000000000000000000000000000000000000000000000000000000000000000000000000000000
00000000000000000000000000000000000000000000000000000000000000000000000000000000
00000000000000000000000000000000000000000000000000000000000000000000000000000000
00000000000000000000000000000011000001100000000000000000000000000000000000000000
00000000000000000000001111010101000001010101111000000000000000000000000000000000
00000000000000000000011101010110100010110101011100000000000000000000000000000000
00000000000000000000010001010000000000000101000100000000000000000000000000000000
00000000000000000000001011100000110110000011101000000000000000000000000000000000
00000000000000000000001100000000000000000000011000000000000000000000000000000000
00000000000000000000001111100000000000000011111000000000000000000000000000000000
00000000000000000000000001100000000000000011000000000000000000000000000000000000
