00000000000000000000000000000000000000000000000000000000000000000000000000000000
00000000000000000000000000000000000000000000000000000000000000000000000000000000
00000000000000000000000000000000000000000000000000000000000000000000000000000000
00000000000000000000000000000000000000000000000000000000000000000000000000000000
00000000000000000000000000000000000000000000000000000000000000000000000000000000
00000000000000000000000000000000000000000000000000000000000000000000000000000000
00000000111000000000000000000000000000000000000000000000000000000000000000000000
00000001101000000000000000000000000000000000000000000000000000000000000000000000
00000101111000000000000000000000000000000000000000000000000000000000000000000000
00001000000000000000000000000000000000000000000000000000000000000000000000000000
00001100000000000000000000000000000000000000000000000000000000000000000000000000
01111000000000000000000000000000000000000000000000000000000000000000000000000000
00001010000000000000000000000000000000000000000000000000000000000000000000000000
00001001000000000000000000000000000000000000000000000000000000000000000000000000
00001001000000000000000000000000000000000000000000000000000000000000000000000000
00001010000000000000000000000000000000000000000000000000000000000000000000000000
01111000000000000000000000000000000000000000000000000000000000000000000000000000
00001100000000000000000000000000000000000000000000000000000000000000000000000000
00001000000000000000000000000000000000000000000000000000000000000000000000000000
00000101111000000000000000000000000000000000000000000000000000000000000000000000
00000001101000000000000000000000000000000000000000000000000000000000000000000000
00000000111000000000000000000000000000000000000000000000000000000000000000000000
00000000000000000000000000000000000000000000000000000000000000000000000000000000
00000000000000000000000000000000000000000000000000000000000000000000000000000000
00000000000000000000000000000000000000000000000000000000000000000000000000000000
