1010010101010100110011101001010111101101010010101010110100011100101001101011100110101111010100110101
0111000011010110101011100011011101010011100101010010101110010011011010101010010011100011001011101001
1100111001010100110111010110101011100101010101101001010111001010101110101011100101010010111011001010
0101011110010010111010101101010100101010101110011010100101110001010110101010001011010101010011010100
1011010010111010110010101011011101010101101010010111010010101101001010110100101011010111010010101010
1010101101011101010010111010010110101010111010101010110101011100101010101011010100110101010101110101
0111001010101110100101010101010111001010101101010101110101101010101010110100101010101101010101001011
0101010101011010110010101101010101011010101010101011010101101010101011101010010101010101011010110101
0100101101001010101011010111010101010101010110101011010101010101011010101010101101010101010101101010
1101010101010110101010101010110101010101101010101011010110101010101011010101101010101010101101010101
0101010110101010101101010101010110101010101011010101010101101010101010101010110101010101101010101010
0110101010101011010101010101101010101010101101010101011010101010101011010101101010101010101101010101
1010101010101101010101101010101010101101010101010101011010101010101010110101010101101010101010101101
0101010101011010101101010101010101011010101010101101010101010101101010101010101101010101010101101010
1101010101010110101010101010110100101010101010101101010101011010101010101011010101010101101010101010
1010101101010101010110100101010101010101101010101011010101010101011010101010101011010101010101101010
1010101011010101010101101010101010101011010101010101011010101010101011010101010101101010101010101101
0101010110101010101011010101010101010101101010101010101011010101010101011010101010101101010101010101
1010101010101011010101010101101010101010110101010101010101010110101010101101010101010101101010101010
1010101101010101010110101010101010110101010101010101011010101101010101010101011010101010101101010101
0101010110101010101011010101010101010101101010101010101011010101010101011010101010110101010101010101
1010101010101010101101010101010101011010101010101010101011010101010101011010101010101101010101010101
